image_width: 382
image_height: 288
camera_name: optris_13120039
camera_matrix:
   rows: 3
   cols: 3
   data: [ 3.6651750047890056e+02, 0., 1.9454707835745930e+02, 0.,
       3.6886930007499888e+02, 1.4426482106535974e+02, 0., 0., 1.]
distortion_model: plumb_bob
distortion_coefficients:
   rows: 1
   cols: 8
   data: [ 8.4454062868023428e+01, 3.2739921134089665e+00,
       7.1374836930928785e-04, -6.8383864231106673e-04,
       -7.8780687517845749e+01, 8.4611546774482022e+01,
       4.4739664071997446e+01, -1.0881240105785096e+02 ]
rectification_matrix:
   rows: 3
   cols: 3
   data: [ 1., 0., 0., 0., 1., 0., 0., 0., 1. ]
projection_matrix:
   rows: 3
   cols: 4
   data: [3.4456139307199294e+02, 0., 1.9050000000000000e+02, 0.,
       0., 3.4677230890547696e+02, 1.4350000000000000e+02, 0., 0., 0., 1., 0.]
