image_width: 382
image_height: 288
camera_name: optris_15061004
camera_matrix:
  rows: 3
  cols: 3
  data: [3.6366996498764496e+02, 0., 1.9769593544026566e+02, 0., 3.6612330579346224e+02, 1.4608043602494064e+02, 0., 0., 1. ]
distortion_model: plumb_bob
distortion_coefficients:
  rows: 1
  cols: 8
  data: [-2.2397015606925880e-01, -7.2126308041049358e-01, 2.1079623796343154e-03, 4.0959411454443676e-06, 6.1886490452790721e-01, 2.2279427924798489e-01, -1.0468844109929705e+00, 6.6295724458348460e-01 ]
rectification_matrix:
  rows: 3
  cols: 3
  data: [1, 0, 0, 0, 1, 0, 0, 0, 1]
projection_matrix:
  rows: 3
  cols: 4
  data: [3.4728150028426899e+02, 0., 1.9050000000000000e+02, 0, 0, 3.4962428346071800e+02, 1.4350000000000000e+02, 0, 0, 0, 1, 0]