camera_matrix:
  cols: 3
  data: [374.53940660114506, 0.0, 197.3689298094104, 0.0, 374.28782330942136, 148.914593675551,
    0.0, 0.0, 1.0]
  rows: 3
camera_name: optris_15061004
distortion_coefficients:
  cols: 5
  data: [-0.4211656610185871, 0.21266080767874668, -0.002412549399764302, -0.002012538885867702,
    0.0]
  rows: 1
distortion_model: plumb_bob
image_height: 288
image_width: 382
projection_matrix:
  cols: 4
  data: [364.8842332128016, 0.0, 190.5, 0.0, 0.0, 364.6391354343787, 143.5, 0.0, 0.0,
    0.0, 1.0, 0.0]
  rows: 3
rectification_matrix:
  cols: 3
  data: [1.0, 0.0, 0.0, 0.0, 1.0, 0.0, 0.0, 0.0, 1.0]
  rows: 3
